export class DistanceMatrix {
  vertex: number;
  matrix: number[][];

  constructor(vertex: number) {
    this.vertex = vertex;
    this.matrix = new Array(this.vertex);

    for (let i = 0; i < this.matrix.length; i++) {
      this.matrix[i] = new Array(this.vertex);
    }
  }

  public addEdge(source: number, destination: number, weight: number): void {
    //add edge
    this.matrix[source][destination] = weight;

    //add bak edge for undirected graph
    this.matrix[destination][source] = weight;
  }

  public printGraph() {
    for (let i = 0; i < this.vertex; i++) {
      const row = [];
      for (let j = 0; j < this.vertex; j++) {
        row.push(this.matrix[i][j]);
      }

      console.log(i + ": " + row.join("  "));
    }

    //console.log(JSON.stringify(this.matrix));
  }

  public manuallySetMatrix () {
    this.matrix = [
      [0,8953,1526,2773,5768,1619,2627,10511,1825,472,3617,14195,7267,1914,1476,7903,1867,4272,5350,9784,8695,3888,9367,3223,3236,4237,4316,12883,901,4941,9794,3002,3366,3617,3320,785,3032,0,3743,10556],
      [8953,0,8806,6616,3364,9300,10513,19514,7822,8505,6355,7074,2665,9605,9077,2701,9559,5226,3668,1089,362,6075,721,5832,5706,5634,4888,4271,9235,4397,1816,6251,5663,6355,5790,8880,6351,8953,5616,19465],
      [1526,8806,0,2588,6603,560,1774,10715,1065,1472,4588,14003,7075,866,338,7711,820,3878,5640,9819,8697,4858,9157,3523,3838,5207,4076,12793,668,5889,9472,2830,3957,4588,3754,882,2641,1526,3524,10743],
      [2773,6616,2588,0,4367,3082,4295,13242,1603,2402,2346,11813,4885,3388,2859,5521,3341,1693,3193,7629,6507,2617,6967,1203,1518,2966,1886,10603,3018,3649,7282,474,1718,2346,1434,2614,451,2773,1215,13099],
      [5768,3364,6603,4367,0,7097,8311,15808,5706,5647,3262,9441,2732,7403,6875,3378,7356,3360,1170,4130,3090,2982,3851,3164,2848,2541,2861,7312,6549,1170,4379,4029,2751,3262,2932,6135,4483,5768,3413,15853],
      [1619,9300,560,3082,7097,0,1214,10155,1559,1796,5081,14497,7569,306,222,8205,259,4372,6134,10313,9191,5352,9651,4017,4332,5701,4570,13287,753,6383,9966,3324,4451,5081,4248,1219,3135,1619,4018,10183],
      [2627,10513,1774,4295,8311,1214,0,8941,2772,2804,6295,15710,8783,907,1436,9418,1061,5586,7348,11526,10405,6565,10865,5230,5546,6915,5783,14500,1920,7596,11180,4538,5664,6295,5462,2387,4348,2627,5231,8969],
      [10511,19514,10715,13242,15808,10155,8941,0,11741,10932,13287,24360,17432,9849,10377,18067,10003,14723,15515,20281,19241,13557,20145,13388,13401,13907,14481,23463,10519,14758,19876,13462,13505,13287,13485,10832,13483,10511,13915,0],
      [1825,7822,1065,1603,5706,1559,2772,11741,0,1514,3691,13019,6091,1865,1337,6726,1818,2818,4719,8835,7713,3961,8173,2602,2917,4311,3091,11808,1495,4992,8488,1846,3060,3691,2833,1142,1656,1825,2539,11741],
      [472,8505,1472,2402,5647,1796,2804,10932,1514,0,3498,13772,6844,2056,1618,7480,2009,3867,4927,9481,8379,3768,8926,2810,2870,4117,3893,12456,1043,4823,9241,2622,3000,3498,2955,660,2627,472,3363,10932],
      [3617,6355,4588,2346,3262,5081,6295,13287,3691,3498,0,12636,5779,5388,4859,6426,5341,2774,3557,7122,6082,398,6986,1506,1520,748,2724,10304,4564,2303,7548,2018,1486,0,1604,4150,2472,3728,2158,13237],
      [14195,7074,14003,11813,9441,14497,15710,24360,13019,13772,12636,0,6971,14803,14275,7061,14756,10315,9427,7556,7016,12357,6626,11144,11164,11915,10084,9967,14432,10507,5257,11520,11214,12636,11079,14077,11518,14167,10813,24403],
      [7267,2665,7075,4885,2732,7569,8783,17432,6091,6844,5779,6971,0,7875,7347,671,7829,3388,2500,3530,2609,5499,2518,4218,4237,5058,3158,6245,7505,3665,2738,4593,4288,5779,4153,7150,4592,7240,3886,17477],
      [1914,9605,866,3388,7403,306,907,9849,1865,2056,5388,14803,7875,0,528,8522,154,4641,6440,10619,9497,5658,9957,4323,4638,6007,4876,13593,1013,6689,10272,3630,4757,5388,4554,1479,3441,1879,4324,9877],
      [1476,9077,338,2859,6875,222,1436,10377,1337,1618,4859,14275,7347,528,0,7994,482,4153,5912,10091,8969,5130,9429,3794,4110,5479,4347,13064,575,6160,9744,3102,4229,4859,4026,1042,2912,1442,3795,10405],
      [7903,2701,7711,5521,3378,8205,9418,18067,6726,7480,6426,7061,671,8522,7994,0,8464,4023,3135,3411,2637,6146,2567,4864,4884,5705,3804,6202,8152,4311,2787,5240,4934,6426,4799,7797,5238,7887,4533,18124],
      [1867,9559,820,3341,7356,259,1061,10003,1818,2009,5341,14756,7829,154,482,8464,0,4563,6394,10572,9451,5611,9910,4276,4592,5961,4829,13546,966,6642,10225,3583,4710,5341,4507,1433,3394,1832,4277,10031],
      [4272,5226,3878,1693,3360,4372,5586,14723,2818,3867,2774,10315,3388,4641,4153,4023,4563,0,2189,6375,5118,2633,5543,1318,1337,2573,543,9178,4311,2669,5769,1400,1387,2774,1253,3964,1243,4245,695,14571],
      [5350,3668,5640,3193,1170,6134,7348,15515,4719,4927,3557,9427,2500,6440,5912,3135,6394,2189,0,4806,3560,3277,4204,2291,2278,2835,1689,7751,5832,1403,4603,2859,2310,3557,2194,5398,3314,5323,2240,15560],
      [9784,1089,9819,7629,4130,10313,11526,20281,8835,9481,7122,7556,3530,10619,10091,3411,10572,6375,4806,0,1172,6842,1044,6998,6683,6401,5901,3432,10383,5163,2680,7323,6640,7122,6767,9969,7364,9848,6630,20231],
      [8695,362,8697,6507,3090,9191,10405,19241,7713,8379,6082,7016,2609,9497,8969,2637,9451,5118,3560,1172,0,5802,920,5724,5580,5361,4780,4282,9127,4123,1759,6143,5538,6082,5665,8772,6243,8695,5508,19191],
      [3888,6075,4858,2617,2982,5352,6565,13557,3961,3768,398,12357,5499,5658,5130,6146,5611,2633,3277,6842,5802,0,6706,1450,1311,456,2582,10024,4724,2023,7269,2292,1278,398,1396,4420,2742,3998,2033,13507],
      [9367,721,9157,6967,3851,9651,10865,20145,8173,8926,6986,6626,2518,9957,9429,2567,9910,5543,4204,1044,920,6706,0,6300,6203,6265,5239,3848,9587,4921,1676,6675,6160,6986,6235,9232,6702,9368,5968,20096],
      [3223,5832,3523,1203,3164,4017,5230,13388,2602,2810,1506,11144,4218,4323,3794,4864,4276,1318,2291,6998,5724,1450,6300,0,387,1800,1267,9830,3715,2449,6615,868,517,1506,405,3281,1320,3206,701,13433],
      [3236,5706,3838,1518,2848,4332,5546,13401,2917,2870,1520,11164,4237,4638,4110,4884,4592,1337,2278,6683,5580,1311,6203,387,0,1514,1286,9719,3773,2133,6630,1187,202,1520,156,3358,1638,3237,720,13445],
      [4237,5634,5207,2966,2541,5701,6915,13907,4311,4117,748,11915,5058,6007,5479,5705,5961,2573,2835,6401,5361,456,6265,1800,1514,0,2337,9582,5074,1582,6827,2642,1323,747,1596,4770,3092,4353,2091,13857],
      [4316,4888,4076,1886,2861,4570,5783,14481,3091,3893,2724,10084,3158,4876,4347,3804,4829,543,1689,5901,4780,2582,5239,1267,1286,2337,0,8875,4506,2147,5554,1594,1337,2724,1202,4151,1621,4289,887,14526],
      [12883,4271,12793,10603,7312,13287,14500,23463,11808,12456,10304,9967,6245,13593,13064,6202,13546,9178,7751,3432,4282,10024,3848,9830,9719,9582,8875,0,13223,8345,5484,10190,9676,10304,9765,12868,10338,12885,9604,23413],
      [901,9235,668,3018,6549,753,1920,10519,1495,1043,4564,14432,7505,1013,575,8152,966,4311,5832,10383,9127,4724,9587,3715,3773,5074,4506,13223,0,5834,9902,3260,3903,4454,3857,600,3071,866,3954,10386],
      [4941,4397,5889,3649,1170,6383,7596,14758,4992,4823,2303,10507,3665,6689,6160,4311,6642,2669,1403,5163,4123,2023,4921,2449,2133,1582,2147,8345,5834,0,5455,3318,1969,2303,2218,5420,3769,4943,2699,14803],
      [9794,1816,9472,7282,4379,9966,11180,19876,8488,9241,7548,5257,2738,10272,9744,2787,10225,5769,4603,2680,1759,7269,1676,6615,6630,6827,5554,5484,9902,5455,0,6990,6588,7548,6550,9533,7017,9794,6283,19876],
      [3002,6251,2830,474,4029,3324,4538,13462,1846,2622,2018,11520,4593,3630,3102,5240,3583,1400,2859,7323,6143,2292,6675,868,1187,2642,1594,10190,3260,3318,6990,0,1387,2018,1103,2833,375,3002,881,13462],
      [3366,5663,3957,1718,2751,4451,5664,13505,3060,3000,1486,11214,4288,4757,4229,4934,4710,1387,2310,6640,5538,1278,6160,517,202,1323,1337,9676,3903,1969,6588,1387,0,1486,286,3489,1837,3366,846,13505],
      [3617,6355,4588,2346,3262,5081,6295,13287,3691,3498,0,12636,5779,5388,4859,6426,5341,2774,3557,7122,6082,398,6986,1506,1520,747,2724,10304,4454,2303,7548,2018,1486,0,1604,4057,2463,3617,2158,13287],
      [3320,5790,3754,1434,2932,4248,5462,13485,2833,2955,1604,11079,4153,4554,4026,4799,4507,1253,2194,6767,5665,1396,6235,405,156,1596,1202,9765,3857,2218,6550,1103,286,1604,0,3512,1554,3320,636,13485],
      [785,8880,882,2614,6135,1219,2387,10832,1142,660,4150,14077,7150,1479,1042,7797,1433,3964,5398,9969,8772,4420,9232,3281,3358,4770,4151,12868,600,5420,9533,2833,3489,4057,3512,0,2702,785,3574,10832],
      [3032,6351,2641,451,4483,3135,4348,13483,1656,2627,2472,11518,4592,3441,2912,5238,3394,1243,3314,7364,6243,2742,6702,1320,1638,3092,1621,10338,3071,3769,7017,375,1837,2463,1554,2702,0,3032,1069,13483],
      [0,8953,1526,2773,5768,1619,2627,10511,1825,472,3728,14167,7240,1879,1442,7887,1832,4245,5323,9848,8695,3998,9368,3206,3237,4353,4289,12885,866,4943,9794,3002,3366,3617,3320,785,3032,0,3734,10511],
      [3743,5616,3524,1215,3413,4018,5231,13915,2539,3363,2158,10813,3886,4324,3795,4533,4277,695,2240,6630,5508,2033,5968,701,720,2091,887,9604,3954,2699,6283,881,846,2158,636,3574,1069,3734,0,13915],
      [10556,19465,10743,13099,15853,10183,8969,0,11741,10932,13237,24403,17477,9877,10405,18124,10031,14571,15560,20231,19191,13507,20096,13433,13445,13857,14526,23413,10386,14803,19876,13462,13505,13287,13485,10832,13483,10511,13915,0]
    ];
  }
}
