export class DistanceMatrix {
  vertex: number;
  matrix: number[][];

  constructor(vertex: number) {
    this.vertex = vertex;
    this.matrix = new Array(this.vertex);

    for (let i = 0; i < this.matrix.length; i++) {
      this.matrix[i] = new Array(this.vertex);
    }
  }

  public addEdge(source: number, destination: number, weight: number): void {
    //add edge
    this.matrix[source][destination] = weight;

    //add bak edge for undirected graph
    this.matrix[destination][source] = weight;
  }

  public printGraph() {
    for (let i = 0; i < this.vertex; i++) {
      const row = [];
      for (let j = 0; j < this.vertex; j++) {
        row.push(this.matrix[i][j]);
      }

      console.log(i + ": " + row.join("  "));
    }

    //console.log(JSON.stringify(this.matrix));
  }

  public manuallySetMatrix () {
    this.matrix = [
      [0,2588,1536,1774,560,6603,8805,7075,866,10715,1065,1498,14003,338,820,7711,3878,6194,2528,5640,6691,8422,13255,12793,2789,7974,4076,8576,5420,668,3355,2830,9472,9709,6236,4858,3524,9772,6149,0,8756,2465,8976,4346,31633,4133,2971,3152,3748,5712,8716,7415,3306,8727,7264,7654,3042,2078,3357,9393,668,6149,3519,3524,1996,6988,11665,1568,9772,9447,5952,3673,8036,5889,8171,3320,8580,3763,4961,2369],
      [2588,0,2783,4295,3082,4367,6615,4885,3388,13242,1603,2402,11813,2859,3341,5521,1693,5145,961,3193,4501,6232,11065,10603,593,5784,1886,6386,7776,3018,1035,474,7282,7519,4046,2617,1215,7552,3959,2588,6536,1128,6881,1844,29392,1895,506,831,1562,3522,6526,5225,986,6507,5074,5463,852,710,1167,7203,3018,3959,5301,1215,4417,4798,14021,2908,7552,7257,3762,5866,5846,3649,5981,5842,6390,6285,7317,1538],
      [1536,2783,0,2627,1619,5768,8953,7240,1879,10511,1833,589,14195,1476,1867,7903,4272,6611,1937,5350,6883,8614,13489,12883,3121,8166,4316,8764,5309,901,3067,3002,9794,9914,6429,3888,3743,9969,6341,1536,8823,1771,8828,4056,30663,3542,3034,2868,4142,5904,8992,7607,3036,8852,7457,7846,3434,2343,3749,9585,901,6341,2935,3743,3087,7180,11513,181,9969,9643,6144,3211,8228,4941,8363,4174,8856,4617,4850,1399],
      [1774,4295,2627,0,1214,8310,10513,8783,907,8941,2772,2804,15710,1436,1061,9418,5586,7902,4235,7348,8399,10129,14962,14500,4496,9682,5783,10284,3646,1920,5062,4538,11180,11416,7944,6565,5231,11480,7856,1774,10464,4172,10683,6053,33341,5841,4678,4859,5456,7419,10424,9122,5013,10435,8972,9361,4749,3786,5065,11101,1920,7856,2561,5231,2668,8695,9891,2670,11480,11155,7660,2023,9744,7596,9878,1547,10288,1990,3187,4031],
      [560,3082,1619,1214,0,7097,9299,7569,306,10155,1559,1796,14497,222,259,8205,4372,6688,3022,6134,7185,8916,13749,13287,3283,8468,4570,9070,4860,753,3849,3324,9966,10203,6730,5352,4018,10266,6643,560,9250,2959,9470,4839,32127,4627,3465,3646,4242,6206,9210,7909,3800,9221,7758,8147,3536,2572,3851,9887,753,6643,3165,4018,1717,7482,11105,1661,10266,9941,6446,3113,8530,6383,8665,2760,9074,3203,4401,2863],
      [6603,4367,5768,8310,7097,0,3364,2756,7403,15808,5706,5648,9441,6875,7356,3378,3360,6698,4129,1170,2124,3363,8010,7312,4150,2971,2859,3295,10864,6549,3328,4029,4379,4399,1835,2982,3413,4315,1676,6603,3308,4227,3174,2548,26173,2565,3981,3533,4812,1756,3488,2847,3373,3337,2578,2702,3931,4863,3573,4316,6549,1676,7986,3413,8530,2953,16872,5709,4315,4128,2441,8765,3210,1170,3161,9857,3433,10300,10404,4344],
      [8805,6615,8953,10513,9299,3364,0,2666,9606,19514,7821,8506,7074,9077,9559,2701,5226,8330,6987,3668,2587,1036,4880,4271,6261,1258,4888,582,13890,9235,5873,6251,1816,1268,2732,6075,5616,1274,2656,8805,177,7084,363,5048,23715,5525,6203,6096,6445,3413,408,2100,5873,206,1860,1662,5796,6928,5580,1239,9235,2656,11079,5616,10348,4007,20476,8894,1274,997,4087,11951,1528,4397,1271,12059,779,12210,13431,7530],
      [7075,4885,7240,8783,7569,2756,2666,0,7875,17432,6091,6844,6971,7347,7829,671,3387,5866,5315,2500,605,1688,6077,6245,4531,1452,3158,2117,12229,7505,4200,4593,2738,2711,1093,5499,3886,3420,1226,7075,2488,5482,2848,3454,25960,4186,4530,4485,3992,1377,2257,594,4249,2459,766,1077,4066,5198,3850,2246,7505,1226,9656,3886,7894,1468,18474,7226,3420,2988,1634,10318,1215,3665,1414,10329,2040,9756,11769,5893],
      [866,3388,1879,907,306,7403,9606,7875,0,9849,1865,2056,14803,528,154,8511,4678,6994,3328,6440,7491,9222,14055,13593,3589,8774,4876,9376,4554,1013,4155,3630,10272,10509,7036,5658,4324,10572,6949,866,9556,3265,9776,5146,32433,4933,3771,3952,4548,6512,9516,8215,4106,9527,8064,8454,3842,2878,4157,10193,1013,6949,2939,4324,1979,7788,10799,1921,10572,10247,6752,2882,8836,6689,8971,2454,9380,2897,4095,3169],
      [10715,13242,10511,8941,10155,15808,19514,17432,9849,0,11714,10887,24360,10377,10003,18067,14723,17062,12101,15515,17048,18860,24304,23463,13581,18331,14481,18845,5474,10519,13232,13462,19876,20693,16593,13557,13915,20466,16506,10715,19602,11912,19325,14220,40333,13653,13494,13015,14592,16068,19073,17772,13201,19631,17621,18010,13884,12793,14199,19881,10519,16506,8443,13915,11597,17344,1374,10396,20466,20402,16309,7451,18393,14758,18528,7888,18937,9582,5895,11519],
      [1065,1603,1833,2772,1559,5706,7821,6091,1865,11714,0,1514,13017,1337,1818,6738,2818,5128,1637,4719,5707,7438,12270,11808,1805,6990,3091,7592,6419,1495,2434,1846,8488,8725,5252,3961,2539,8788,5165,1065,7772,1618,7992,3432,31071,3237,1987,2231,2684,4727,7732,6430,2385,7743,6280,6669,2058,1094,2373,8409,1495,5165,4380,2539,2913,6003,12664,1867,8788,8463,4968,4604,7052,4992,7186,4319,7596,4680,5959,1632],
      [1498,2402,589,2804,1796,5648,8506,6844,2056,10887,1514,0,13771,1618,2009,7491,3849,6206,1588,4927,6460,8191,13024,12456,2741,7743,3893,8291,5461,1043,2644,2622,9241,9478,6005,3768,3363,9484,5918,1472,8458,1443,8525,3632,30543,3177,2654,2427,3736,5481,8485,7184,2653,8487,7033,7422,3028,1938,3344,9162,1043,5918,3279,3363,3229,6757,11706,531,9484,9216,5721,3550,7805,4823,7940,4316,8349,4759,5001,1281],
      [14003,11813,14195,15710,14497,9441,7074,6971,14803,24360,13017,13771,0,14275,14756,7061,10315,9334,12243,9427,7542,6370,6903,9967,11457,6922,10084,6599,19155,14432,11126,11520,5257,6476,8032,12357,10813,7158,8165,14002,6895,12408,7255,10380,30458,11112,11456,11411,10916,8304,6664,6828,11175,6866,7127,6738,10993,12124,10776,6450,14432,8165,16582,10813,14819,8359,25400,14152,7158,6759,8582,17244,6534,10507,6836,17256,6536,16681,18696,12819],
      [338,2859,1476,1436,222,6875,9077,7347,528,10377,1337,1618,14275,0,482,7994,4153,6466,2799,5912,6963,8694,13526,13064,3061,8246,4347,8848,5082,575,3627,3102,9744,9981,6508,5130,3795,10044,6421,338,9028,2736,9248,4617,31905,4405,3243,3424,4020,5983,8988,7686,3578,8999,7536,7925,3314,2350,3629,9665,575,6421,3302,3795,1613,7259,11327,1484,10044,9719,6224,3335,8308,6160,8443,2982,8852,3382,4623,2641],
      [820,3341,1867,1061,259,7356,9559,7829,154,10003,1818,2009,14756,482,0,8475,4563,6872,3281,6394,7445,9175,14008,13546,3542,8728,4829,9329,4708,966,4108,3583,10225,10462,6990,5611,4277,10526,6902,820,9510,3218,9729,5099,32387,4887,3724,3905,4429,6465,9470,8168,4059,9481,8018,8407,3795,2832,4111,10147,966,6902,3093,4277,1878,7741,10953,1875,10526,10201,6706,3036,8790,6642,8924,2608,9334,2957,4249,3122],
      [7711,5521,7903,9418,8205,3378,2701,671,8511,18067,6738,7491,7061,7994,8475,0,4023,5821,5951,3135,1251,1736,6138,6202,5178,1612,3804,2153,12875,8152,4847,5240,2787,2669,1739,6146,4533,3393,1872,7722,2524,6129,2884,4101,26094,4832,5176,5131,4393,2024,2293,733,4896,2495,974,1237,4713,5844,4496,2308,8152,1872,10302,4533,7865,1309,19120,7873,3393,2841,2018,10964,1308,4311,1491,10976,2089,9735,12416,6539],
      [3878,1693,4272,5586,4372,3360,5226,3387,4678,14723,2818,3849,10315,4153,4563,4023,0,3622,2415,2189,3077,4719,9445,9178,1338,4360,543,4962,9248,4311,1300,1400,5769,6094,2622,2633,695,6264,2570,3881,5177,2582,5397,884,28476,1326,1438,1585,1494,2097,5102,3708,1349,5148,3650,4039,839,2003,660,5614,4311,2570,6755,695,5397,3300,15493,4380,6264,5833,2257,7337,4329,2669,4438,7135,4966,7257,8788,2992],
      [6194,5145,6611,7902,6688,6698,8330,5866,6994,17062,5128,6206,9334,6466,6872,5821,3622,0,5373,5527,5753,7391,13227,11998,4838,7128,3882,7781,11605,6624,4804,4900,8441,8429,5672,6136,4193,9084,5840,6194,8153,5423,8513,4222,31624,4789,4939,5088,3630,5116,7922,6381,4853,8124,6470,6753,4345,4639,4156,7964,6624,5840,9384,4193,5893,4979,17850,6737,9084,8652,4325,9694,7013,6008,7118,9344,7786,7763,11146,5751],
      [2528,961,1937,4235,3022,4129,6987,5315,3328,12101,1637,1588,12243,2799,3281,5951,2415,5373,0,3398,4931,6662,11495,10927,1287,6214,2364,6763,6972,2473,1115,1166,7712,7949,4477,2378,1798,7955,4389,2527,6941,151,7008,2104,29154,1659,1197,898,2467,3952,6956,5655,1084,6970,5504,5894,1718,733,1851,7633,2473,4389,4325,1798,4455,5228,13238,1879,7955,7687,4192,4936,6276,3415,6411,5781,6821,6224,6513,562],
      [5640,3193,5350,7348,6134,1170,3668,2500,6440,15515,4719,4927,9427,5912,6394,3135,2189,5527,3398,0,2116,3553,8318,7751,2980,3085,1689,3586,10311,5832,2285,2859,4603,4741,1577,3277,2240,4778,1423,5640,3621,3565,3850,1508,26888,2171,2811,2556,3642,1136,3792,2839,2332,3734,2587,2849,2759,3688,2401,4629,5832,1423,7739,2240,7546,2412,16556,5309,4778,4479,1376,8401,3357,1403,3301,8894,3679,9337,9852,3976],
      [6691,4501,6883,8399,7185,2124,2587,605,7491,17048,5707,6460,7542,6963,7445,1251,3077,5753,4931,2116,0,1724,6529,6255,4148,1436,2774,2038,11845,7121,3816,4209,2782,3171,589,4892,3502,3341,724,6691,2410,5098,2770,3070,25881,3802,4146,4101,3868,980,2179,720,3865,2381,682,1116,3682,4814,3466,2699,7121,724,9272,3502,7770,1495,18090,6842,3341,2909,1510,9934,1342,3057,1451,9945,2043,9633,11385,5509],
      [8422,6232,8614,10129,8916,3363,1036,1688,9222,18860,7438,8191,6370,8694,9175,1736,4719,7391,6662,3553,1724,0,5008,4704,5878,457,4504,487,13575,8852,5547,5940,1121,1449,2306,6253,5233,1790,2425,8422,859,6829,1219,4801,24429,5434,5877,5831,5506,2710,628,1135,5596,830,1157,768,5413,6544,5196,1178,8852,2425,11257,5233,9409,3046,19964,8573,1790,1358,3148,11664,563,4440,305,11676,424,11271,13116,7341],
      [13255,11065,13489,14962,13749,8010,4880,6077,14055,24304,12270,13024,6903,13526,14008,6138,9445,13227,11495,8318,6529,5008,0,7497,10711,5388,9337,4762,18408,13685,10379,10773,5622,4008,7152,10865,10066,4690,7163,13255,4715,11703,5101,9633,28505,10144,10709,10664,10023,7543,4538,5812,10428,4686,5990,5727,10246,11377,10029,3983,13685,7163,15869,10066,13838,7361,24673,13432,4690,4292,7689,16497,5271,9081,5243,16509,4830,15708,17949,12051],
      [12793,10603,12883,14500,13287,7312,4271,6245,13593,23463,11808,12456,9967,13064,13546,6202,9178,11998,10927,7751,6255,4704,7497,0,10249,4926,8875,4300,17841,13223,9812,10190,5484,3637,6690,10024,9604,3033,6595,12793,4141,11098,4209,9078,24344,9538,10142,10097,10113,7081,4076,5768,9861,4112,5528,5330,9784,10915,9567,4426,13223,6595,15027,9604,14016,7464,24424,12826,3033,3346,7755,15930,5196,8345,4939,16047,4447,15878,17381,11427],
      [2789,593,3121,4496,3283,4150,6261,4531,3589,13581,1805,2741,11457,3061,3542,5178,1338,4838,1287,2980,4148,5878,10711,10249,0,5430,1532,6032,8125,3219,821,120,6928,7165,3693,2411,980,7228,3605,2788,6213,1454,6432,1630,29512,1681,182,618,1208,3168,6173,4871,772,6184,4721,5110,498,911,814,6850,3218,3605,5628,980,4616,4444,14360,3247,7228,6903,3408,6204,5492,3435,5627,6042,6037,6485,7656,1865],
      [7974,5784,8166,9682,8468,2971,1258,1452,8774,18331,6990,7743,6922,8246,8728,1612,4360,7128,6214,3085,1436,457,5388,4926,5430,0,4057,709,13127,8404,5099,5492,1507,1842,1872,5845,4785,2012,1939,7974,1080,6381,1440,4353,24552,5042,5429,5384,5242,2263,849,926,5148,1051,710,498,4965,6097,4749,1563,8404,1939,10848,4785,9145,2823,19372,8125,2012,1580,2885,11217,388,4047,206,11228,714,11007,12668,6792],
      [4076,1886,4316,5783,4570,2859,4888,3158,4876,14481,3091,3893,10084,4347,4829,3804,543,3882,2364,1689,2774,4504,9337,8875,1532,4057,0,4658,9278,4506,1249,1594,5554,5791,2319,2582,887,5855,2231,4076,4839,2531,5058,503,28138,1235,1581,1534,1996,1794,4799,3497,1298,4810,3347,3736,1067,2198,850,5476,4506,2231,6705,887,5904,3070,15523,4275,5855,5530,2035,7367,4119,2147,4253,7330,4663,7773,8818,2942],
      [8576,6386,8764,10284,9070,3295,582,2117,9376,18845,7592,8291,6599,8848,9329,2153,4962,7781,6763,3586,2038,487,4762,4300,6032,709,4658,0,13676,9006,5647,6025,1343,1216,2474,6172,5387,1387,2431,8576,402,6978,768,4913,23926,5419,5977,5932,5896,2864,224,1552,5696,373,1312,1114,5567,6698,5350,1061,9006,2431,11175,5387,9799,3459,19948,8706,1387,955,3538,11765,979,4365,722,11830,221,11661,13217,7326],
      [5420,7776,5309,3646,4860,10864,13890,12229,4554,5474,6419,5461,19155,5082,4708,12875,9248,11605,6972,10311,11845,13575,18408,17841,8125,13127,9278,13676,0,5063,8029,8006,14625,14862,11390,8854,8747,14868,11302,5439,13842,6827,13923,9017,35630,8561,8038,7811,9137,10865,13870,12568,8037,13871,12418,12807,8429,7338,8744,14547,5063,11302,3714,8747,6320,12141,6438,5194,14868,14600,11105,2127,13189,9835,13324,2607,13734,4294,520,6495],
      [668,3018,901,1920,753,6549,9235,7505,1013,10519,1495,1043,14432,575,966,8152,4311,6624,2473,5832,7121,8852,13685,13223,3219,8404,4506,9006,5063,0,3547,3260,9902,10139,6666,4724,3954,10202,6579,668,9186,2410,9428,4537,31500,4079,3332,3344,4178,6142,9146,7845,3498,9157,7694,8084,3472,2478,3787,9823,0,6579,2928,3954,2186,7418,11308,909,10202,9877,6382,3153,8466,5835,8601,3467,9010,3910,4604,2185],
      [3355,1035,3067,5062,3849,3328,5873,4200,4155,13232,2434,2644,11126,3627,4108,4847,1300,4804,1115,2285,3816,5547,10379,9812,821,5099,1249,5647,8029,3547,0,703,6589,6834,3361,1591,683,6840,3274,3355,5824,1282,6008,991,28360,860,655,285,1532,2836,5841,4539,47,5795,4389,4778,603,1530,735,6518,3547,3274,5456,683,5283,4112,14273,3026,6840,6572,3077,6118,5161,2613,5296,6609,5705,7052,7569,1693],
      [2830,474,3002,4538,3324,4029,6251,4593,3630,13462,1846,2622,11520,3102,3583,5240,1400,4900,1166,2859,4209,5940,10773,10190,120,5492,1594,6025,8006,3260,703,0,6982,7227,3755,2292,881,7218,3667,2830,6202,1333,6547,1510,29068,1563,61,497,1271,3230,6234,4933,654,6173,4783,5172,560,952,876,6911,3260,3667,5507,881,4658,4506,14241,3128,7218,6965,3470,6085,5554,3318,5689,6084,6099,6527,7536,1744],
      [9472,7282,9794,11180,9966,4379,1816,2738,10272,19876,8488,9241,5257,9744,10225,2787,5769,8441,7712,4603,2782,1121,5622,5484,6928,1507,5554,1343,14625,9902,6589,6982,0,2102,3356,7269,6283,2573,3475,9472,1638,7871,1998,5843,25201,6449,6919,6874,6548,3753,1407,2178,6638,1609,2200,1811,6455,7587,6239,1791,9894,3467,12272,6275,10451,4088,20979,9615,2570,2138,4191,12707,1605,5455,1347,12718,1279,12313,14158,8356],
      [9709,7519,9914,11416,10203,4399,1268,2711,10509,20693,8725,9478,6476,9981,10462,2669,6094,8429,7949,4741,3171,1449,4008,3637,7165,1842,5791,1216,14862,10139,6834,7227,2102,0,3606,7254,6520,726,3585,9709,1169,8129,1446,6088,24893,6569,7164,7119,6630,3997,992,2418,6883,1140,2444,2146,6700,7831,6483,938,10139,3588,12257,6520,10445,3903,21654,9857,726,389,4296,12952,1878,5469,1684,12963,1261,12315,14403,8458],
      [6236,4046,6429,7944,6730,1835,2732,1093,7036,16593,5252,6005,8032,6508,6990,1739,2622,5672,4477,1577,589,2306,7152,6690,3693,1872,2319,2474,11390,6666,3361,3755,3356,3606,0,4523,3048,3779,177,6236,2683,4643,2902,2615,25982,3347,3691,3646,3787,765,2614,1312,3410,2654,1162,1538,3228,4359,3011,3291,6666,177,8817,3048,7689,1414,17635,6387,3776,3345,1429,9479,1934,2709,2055,9491,2478,9551,10931,5054],
      [4858,2617,3888,6565,5352,2982,6075,5499,5658,13557,3961,3768,12357,5130,5611,6146,2633,6136,2378,3277,4892,6253,10865,10024,2411,5845,2582,6172,8854,4724,1591,2292,7269,7254,4523,0,2033,7027,4352,4858,6163,2365,5886,2283,26882,1425,2244,1794,3118,4169,6345,5615,1673,6192,5345,5619,2225,3108,2068,7172,4834,4352,5122,2033,6768,5445,14518,3939,7027,6963,4410,6956,6127,2023,6074,8170,6312,8613,8542,2490],
      [3524,1215,3743,5231,4018,3413,5616,3886,4324,13915,2539,3363,10813,3795,4277,4533,695,4193,1798,2240,3502,5233,10066,9604,980,4785,887,5387,8747,3954,683,881,6283,6520,3048,2033,0,6583,2960,3524,5568,1965,5927,889,28964,943,833,998,1451,2523,5527,4226,774,5539,4076,4465,515,1646,160,6204,3954,2960,6139,0,5352,3799,14982,3710,6583,6258,2763,6827,4847,2698,4982,6778,5392,7221,8278,2376],
      [9772,7552,9969,11480,10266,4315,1274,3420,10572,20466,8788,9484,7158,10044,10526,3393,6264,9084,7955,4778,3341,1790,4690,3033,7228,2012,5855,1387,14868,10202,6840,7218,2573,726,3779,7027,6583,0,3623,9772,1169,8246,1212,6106,24667,6686,7170,7125,7202,4170,1165,2857,6889,1140,2617,2419,6763,7895,6547,1619,10202,3623,12030,6583,11105,4566,21427,9974,0,435,4844,13030,2285,5348,2028,13026,1536,12967,14409,8545],
      [6149,3959,6341,7856,6643,1676,2656,1226,6949,16506,5165,5918,8165,6421,6902,1872,2570,5840,4389,1423,724,2425,7163,6595,3605,1939,2231,2431,11302,6579,3274,3667,3475,3585,177,4352,2960,3623,0,6149,2608,4556,2827,2528,25906,3260,3604,3559,3931,817,2637,1471,3323,2578,1295,1656,3140,4271,2923,3450,6579,0,8729,2960,7834,1558,17547,6300,3623,3324,1567,9392,2092,2537,2174,9403,2524,9846,10843,4966],
      [0,2588,1536,1774,560,6603,8805,7075,866,10715,1065,1472,14002,338,820,7722,3881,6194,2527,5640,6691,8422,13255,12793,2788,7974,4076,8576,5439,668,3355,2830,9472,9709,6236,4858,3524,9772,6149,0,8756,2465,8976,4346,31633,4133,2971,3152,3748,5712,8716,7415,3306,8727,7264,7654,3042,2078,3357,9393,668,6149,3519,3524,1996,6988,11665,1568,9772,9447,5952,3673,8036,5889,8171,3320,8580,3763,4961,2369],
      [8756,6536,8823,10464,9250,3308,177,2488,9556,19602,7772,8458,6895,9028,9510,2524,5177,8153,6941,3621,2410,859,4715,4141,6213,1080,4839,402,13842,9186,5824,6202,1638,1169,2683,6163,5568,1169,2608,8756,0,7038,453,5090,23803,5478,6154,6050,6267,3236,231,1923,5873,29,1683,1485,5750,6881,5533,1061,9189,2610,11167,5570,10170,3830,19989,8766,1169,908,3910,11822,1351,4378,1094,12013,602,12032,13385,7367],
      [2465,1128,1771,4172,2959,4227,7084,5482,3265,11912,1618,1443,12408,2736,3218,6129,2582,5423,151,3565,5098,6829,11703,11098,1454,6381,2531,6978,6827,2410,1282,1333,7871,8129,4643,2365,1965,8246,4556,2465,7038,0,7109,2230,29140,1757,1363,1065,2633,4118,7206,5821,1251,7067,5671,6060,1885,885,2017,7800,2410,4556,4135,1965,4392,5394,13071,1713,8246,7858,4359,4769,6443,3427,6578,5718,7070,6161,6368,372],
      [8976,6881,8828,10683,9470,3174,363,2848,9776,19325,7992,8525,7255,9248,9729,2884,5397,8513,7008,3850,2770,1219,5101,4209,6432,1440,5058,768,13923,9428,6008,6547,1998,1446,2902,5886,5927,1212,2827,8976,453,7109,0,5231,23509,5546,6499,6279,6627,3596,684,2323,6058,482,2079,1881,5970,7102,5754,1515,9431,2830,10893,5931,10566,4226,20289,8837,1212,1155,4305,11893,1751,4210,1494,12233,965,12428,13455,7407],
      [4346,1844,4056,6053,4839,2548,5048,3454,5146,14220,3432,3632,10380,4617,5099,4101,884,4222,2104,1508,3070,4801,9633,9078,1630,4353,503,4913,9017,4537,991,1510,5843,6088,2615,2283,889,6106,2528,4346,5090,2230,5231,0,28268,874,1461,1261,2336,2090,5095,3793,997,5061,3643,4032,1363,2294,1007,5772,4497,2528,6403,846,6200,3366,15221,3974,6106,5826,2331,7066,4415,1834,4550,7559,4959,8002,8517,2640],
      [31633,29392,30663,33341,32127,26173,23715,25960,32433,40333,31071,30543,30458,31905,32387,26094,28476,31624,29154,26888,25881,24429,28505,24344,29512,24552,28138,23926,35630,31500,28360,29068,25201,24893,25982,26882,28964,24667,25906,31633,23803,29140,23509,28268,0,27730,29019,28569,29739,26707,23999,25488,28447,23832,25155,24957,29046,30178,28830,24826,31608,25906,31896,28965,33642,27302,41292,30713,24667,24602,27381,33730,24918,27206,24663,34943,24147,35504,35316,29277],
      [4133,1895,3542,5841,4627,2565,5525,4186,4933,13653,3237,3177,11112,4405,4887,4832,1326,4789,1659,2171,3802,5434,10144,9538,1681,5042,1235,5419,8561,4079,860,1563,6449,6569,3347,1425,943,6686,3260,4133,5478,1757,5546,874,27730,0,1515,1063,2387,2822,5647,4525,907,5507,4375,4764,1458,2391,1104,6455,4079,3260,5876,943,6061,4098,14756,3485,6686,6298,3063,6541,5147,1787,5232,7387,5511,7830,8103,2133],
      [2971,506,3034,4678,3465,3981,6203,4530,3771,13494,1987,2654,11456,3243,3724,5176,1438,4939,1197,2811,4146,5877,10709,10142,182,5429,1581,5977,8038,3332,655,61,6919,7164,3691,2244,833,7170,3604,2971,6154,1363,6499,1461,29019,1515,0,449,1309,3166,6171,4869,606,6125,4719,5108,599,1000,886,6848,3390,3604,5537,832,4793,4442,14273,3160,7170,6902,3407,6117,5491,3269,5625,6225,6035,6668,7568,1774],
      [3152,831,2868,4859,3646,3533,6096,4485,3952,13015,2231,2427,11411,3424,3905,5131,1585,5088,898,2556,4101,5831,10664,10097,618,5384,1534,5932,7811,3344,285,497,6874,7119,3646,1794,998,7125,3559,3152,6050,1065,6279,1261,28569,1063,449,0,1587,3121,6126,4824,221,6080,4674,5063,875,1326,1051,6803,3344,3559,5238,998,5080,4397,14056,2809,7125,6857,3362,5901,5446,2818,5580,6406,5990,6849,7352,1475],
      [3748,1562,4142,5456,4242,4812,6445,3992,4548,14592,2684,3736,10916,4020,4429,4393,1494,3630,2467,3642,3868,5506,10023,10113,1208,5242,1996,5896,9137,4178,1532,1271,6548,6630,3787,3118,1451,7202,3931,3748,6267,2633,6627,2336,29739,2387,1309,1587,0,3230,6036,4556,1481,6238,4585,4868,929,1872,1278,6192,4180,3931,6807,1451,3895,3550,15362,4249,7199,6767,2453,7206,5164,4122,5233,7004,5901,5765,8658,3044],
      [5712,3522,5904,7419,6206,1756,3413,1377,6512,16068,4727,5481,8304,5983,6465,2024,2097,5116,3952,1136,980,2710,7543,7081,3168,2263,1794,2864,10865,6142,2836,3230,3753,3997,765,4169,2523,4170,817,5712,3236,4118,3596,2090,26707,2822,3166,3121,3230,0,3005,1703,2885,3207,1553,1942,2703,3834,2486,3682,6142,817,8292,2523,7136,1290,17110,5862,4167,3735,845,8954,2325,2427,2459,8966,2869,8997,10406,4529],
      [8716,6526,8992,10424,9210,3488,408,2257,9516,19073,7732,8485,6664,8988,9470,2293,5102,7922,6956,3792,2179,628,4538,4076,6173,849,4799,224,13870,9146,5841,6234,1407,992,2614,6345,5527,1165,2637,8716,231,7206,684,5095,23999,5647,6171,6126,6036,3005,0,1692,5890,202,1452,1254,5707,6839,5491,885,9146,2637,11363,5527,9939,3599,20176,8867,1163,731,3679,11959,1120,4558,863,11970,371,11801,13410,7554],
      [7415,5225,7607,9122,7909,2847,2100,594,8215,17772,6430,7184,6828,7686,8168,733,3708,6381,5655,2839,720,1135,5812,5768,4871,926,3497,1552,12568,7845,4539,4933,2178,2418,1312,5615,4226,2857,1471,7415,1923,5821,2323,3793,25488,4525,4869,4824,4556,1703,1692,0,4589,1894,306,551,4406,5537,4189,1981,7845,1448,9995,4226,8459,1983,18813,7566,2855,2423,2198,10657,621,3780,862,10669,1488,10321,12109,6232],
      [3306,986,3036,5013,3800,3373,5873,4249,4106,13201,2385,2653,11175,3578,4059,4896,1349,4853,1084,2332,3865,5596,10428,9861,772,5148,1298,5696,8037,3498,47,654,6638,6883,3410,1673,774,6889,3323,3306,5873,1251,6058,997,28447,907,606,221,1481,2885,5890,4589,0,5844,4438,4827,652,1481,784,6567,3498,3323,5424,732,5234,4161,14282,2995,6889,6621,3126,6126,5210,2661,5345,6560,5754,7003,7578,1661],
      [8727,6507,8852,10435,9221,3337,206,2459,9527,19631,7743,8487,6866,8999,9481,2495,5148,8124,6970,3734,2381,830,4686,4112,6184,1051,4810,373,13871,9157,5795,6173,1609,1140,2654,6192,5539,1140,2578,8727,29,7067,482,5061,23832,5507,6125,6080,6238,3207,202,1894,5844,0,1654,1456,5718,6850,5502,1032,9157,2578,11196,5539,10141,3801,20018,8795,1140,878,3881,11851,1322,4407,1065,11981,573,12003,13414,7396],
      [7264,5074,7457,8972,7758,2578,1860,766,8064,17621,6280,7033,7127,7536,8018,974,3650,6470,5504,2587,682,1157,5990,5528,4721,710,3347,1312,12418,7694,4389,4783,2200,2444,1162,5345,4076,2617,1295,7264,1683,5671,2079,3643,25155,4375,4719,4674,4585,1553,1452,306,4438,1654,0,389,4255,5387,4039,2217,7694,1314,9845,4076,8487,2122,18663,7415,2614,2183,2227,10507,897,3511,906,10518,1316,10349,11958,6082],
      [7654,5463,7846,9361,8147,2702,1662,1077,8454,18010,6669,7422,6738,7925,8407,1237,4039,6753,5894,2849,1116,768,5727,5330,5110,498,3736,1114,12807,8084,4778,5172,1811,2146,1538,5619,4465,2419,1656,7654,1485,6060,1881,4032,24957,4764,5108,5063,4868,1942,1254,551,4827,1456,389,0,4645,5776,4428,1896,8084,1656,10622,4465,8770,2448,19052,7804,2417,1985,2510,10896,508,3769,517,10908,1118,10632,12348,6471],
      [3042,852,3434,4749,3536,3931,5796,4066,3842,13884,2058,3028,10993,3314,3795,4713,839,4345,1718,2759,3682,5413,10246,9784,498,4965,1067,5567,8429,3472,603,560,6455,6700,3228,2225,515,6763,3140,3042,5750,1885,5970,1363,29046,1458,599,875,929,2703,5707,4406,652,5718,4255,4645,0,1164,348,6384,3472,3140,6058,515,4828,3979,14654,3541,6763,6438,2943,6498,5027,3240,5162,6296,5572,6739,7950,2295],
      [2078,710,2343,3786,2572,4863,6928,5198,2878,12793,1094,1938,12124,2350,2832,5844,2003,4639,733,3688,4814,6544,11377,10915,911,6097,2198,6698,7338,2478,1530,952,7587,7831,4359,3108,1646,7895,4271,2078,6881,885,7102,2294,30178,2391,1000,1326,1872,3834,6839,5537,1481,6850,5387,5776,1164,0,1480,7516,2508,4271,5075,1646,3907,5110,13563,2450,7895,7570,4075,5408,6159,4146,6293,5332,6703,5775,6859,1295],
      [3357,1167,3749,5065,3851,3573,5580,3850,4157,14199,2373,3344,10776,3629,4111,4496,660,4156,1851,2401,3466,5196,10029,9567,814,4749,850,5350,8744,3787,735,876,6239,6483,3011,2068,160,6547,2923,3357,5533,2017,5754,1007,28830,1104,886,1051,1278,2486,5491,4189,784,5502,4039,4428,348,1480,0,6168,3787,2923,6191,160,5186,3762,14969,3856,6547,6222,2727,6814,4811,2860,4945,6611,5355,7054,8265,2428],
      [9393,7203,9585,11101,9887,4316,1239,2246,10193,19881,8409,9162,6450,9665,10147,2308,5614,7964,7633,4629,2699,1178,3983,4426,6850,1563,5476,1061,14547,9823,6518,6911,1791,938,3291,7172,6204,1619,3450,9393,1061,7800,1515,5772,24826,6455,6848,6803,6192,3682,885,1981,6567,1032,2217,1896,6384,7516,6168,0,9823,3426,12190,6204,10008,3531,20792,9544,1619,1096,3858,12636,1441,5386,1413,12647,999,11878,14087,8211],
      [668,3018,901,1920,753,6549,9235,7505,1013,10519,1495,1043,14432,575,966,8152,4311,6624,2473,5832,7121,8852,13685,13223,3218,8404,4506,9006,5063,0,3547,3260,9894,10139,6666,4834,3954,10202,6579,668,9189,2410,9431,4497,31608,4079,3390,3344,4180,6142,9146,7845,3498,9157,7694,8084,3472,2508,3787,9823,0,6579,2953,3954,2186,7418,11307,909,10202,9877,6382,3153,8466,5835,8601,3467,9010,3910,4604,2185],
      [6149,3959,6341,7856,6643,1676,2656,1226,6949,16506,5165,5918,8165,6421,6902,1872,2570,5840,4389,1423,724,2425,7163,6595,3605,1939,2231,2431,11302,6579,3274,3667,3467,3588,177,4352,2960,3623,0,6149,2610,4556,2830,2528,25906,3260,3604,3559,3931,817,2637,1448,3323,2578,1314,1656,3140,4271,2923,3426,6579,0,8753,2960,7834,1558,17546,6282,3623,3327,1567,9392,2092,2537,2174,9403,2524,9846,10843,4966],
      [3519,5301,2935,2561,3165,7986,11079,9656,2939,8443,4380,3279,16582,3302,3093,10302,6755,9384,4325,7739,9272,11257,15869,15027,5628,10848,6705,11175,3714,2928,5456,5507,12272,12257,8817,5122,6139,12030,8729,3519,11167,4135,10893,6403,31896,5876,5537,5238,6807,8292,11363,9995,5424,11196,9845,10622,6058,5075,6191,12190,2953,8753,0,6139,4777,9568,9473,2791,12030,11966,8556,1830,10640,7027,11078,3471,11315,3963,3510,3767],
      [3524,1215,3743,5231,4018,3413,5616,3886,4324,13915,2539,3363,10813,3795,4277,4533,695,4193,1798,2240,3502,5233,10066,9604,980,4785,887,5387,8747,3954,683,881,6275,6520,3048,2033,0,6583,2960,3524,5570,1965,5931,846,28965,943,832,998,1451,2523,5527,4226,732,5539,4076,4465,515,1646,160,6204,3954,2960,6139,0,5351,3799,14991,3692,6583,6258,2763,6827,4847,2698,4982,6778,5392,7221,8278,2376],
      [1996,4417,3087,2668,1717,8530,10348,7894,1979,11597,2913,3229,14819,1613,1878,7865,5397,5893,4455,7546,7770,9409,13838,14016,4616,9145,5904,9799,6320,2186,5283,4658,10451,10445,7689,6768,5352,11105,7834,1996,10170,4392,10566,6200,33642,6061,4793,5080,3895,7136,9939,8459,5234,10141,8487,8770,4828,3907,5186,10008,2186,7834,4777,5351,0,7013,12564,3095,11105,10670,6355,4721,9067,7818,9135,4193,9803,2557,5846,4298],
      [6988,4798,7180,8695,7482,2953,4007,1468,7788,17344,6003,6757,8359,7259,7741,1309,3300,4979,5228,2412,1495,3046,7361,7464,4444,2823,3070,3459,12141,7418,4112,4506,4088,3903,1414,5445,3799,4566,1558,6988,3830,5394,4226,3366,27302,4098,4442,4397,3550,1290,3599,1983,4161,3801,2122,2448,3979,5110,3762,3531,7418,1558,9568,3799,7013,0,18385,7121,4566,4061,1192,10230,2615,3703,2800,10242,3398,8883,11682,5805],
      [11665,14021,11513,9891,11105,16872,20476,18474,10799,1374,12664,11706,25400,11327,10953,19120,15493,17850,13238,16556,18090,19964,24673,24424,14360,19372,15523,19948,6438,11308,14273,14241,20979,21654,17635,14518,14982,21427,17547,11665,19989,13071,20289,15221,41292,14756,14273,14056,15362,17110,20176,18813,14282,20018,18663,19052,14654,13563,14969,20792,11307,17546,9473,14991,12564,18385,0,11398,21427,21363,17349,8363,19433,15822,19568,8856,20001,10549,6862,12583],
      [1568,2908,181,2670,1661,5709,8894,7226,1921,10396,1867,531,14152,1484,1875,7873,4380,6737,1879,5309,6842,8573,13432,12826,3247,8125,4275,8706,5194,909,3026,3128,9615,9857,6387,3939,3710,9974,6300,1568,8766,1713,8837,3974,30713,3485,3160,2809,4249,5862,8867,7566,2995,8795,7415,7804,3541,2450,3856,9544,909,6282,2791,3692,3095,7121,11398,0,9974,9586,6085,3096,8169,4882,8304,4182,8797,4624,4735,1340],
      [9772,7552,9969,11480,10266,4315,1274,3420,10572,20466,8788,9484,7158,10044,10526,3393,6264,9084,7955,4778,3341,1790,4690,3033,7228,2012,5855,1387,14868,10202,6840,7218,2570,726,3776,7027,6583,0,3623,9772,1169,8246,1212,6106,24667,6686,7170,7125,7199,4167,1163,2855,6889,1140,2614,2417,6763,7895,6547,1619,10202,3623,12030,6583,11105,4566,21427,9974,0,432,4844,13030,2285,5348,2028,13026,1536,12967,14409,8545],
      [9447,7257,9643,11155,9941,4128,997,2988,10247,20402,8463,9216,6759,9719,10201,2841,5833,8652,7687,4479,2909,1358,4292,3346,6903,1580,5530,955,14600,9877,6572,6965,2138,389,3345,6963,6258,435,3324,9447,908,7858,1155,5826,24602,6298,6902,6857,6767,3735,731,2423,6621,878,2183,1985,6438,7570,6222,1096,9877,3327,11966,6258,10670,4061,21363,9586,432,0,4409,12690,1850,5198,1593,12701,1101,12532,14141,8187],
      [5952,3762,6144,7660,6446,2441,4087,1634,6752,16309,4968,5721,8582,6224,6706,2018,2257,4325,4192,1376,1510,3148,7689,7755,3408,2885,2035,3538,11105,6382,3077,3470,4191,4296,1429,4410,2763,4844,1567,5952,3910,4359,4305,2331,27381,3063,3407,3362,2453,845,3679,2198,3126,3881,2227,2510,2943,4075,2727,3858,6382,1567,8556,2763,6355,1192,17349,6085,4844,4409,0,9195,2806,2668,2875,9206,3543,8218,10646,4770],
      [3673,5866,3211,2023,3113,8765,11951,10318,2882,7451,4604,3550,17244,3335,3036,10964,7337,9694,4936,8401,9934,11664,16497,15930,6204,11217,7367,11765,2127,3153,6118,6085,12707,12952,9479,6956,6827,13030,9392,3673,11822,4769,11893,7066,33730,6541,6117,5901,7206,8954,11959,10657,6126,11851,10507,10896,6498,5408,6814,12636,3153,9392,1830,6827,4721,10230,8363,3096,13030,12690,9195,0,11279,7940,11413,1664,11823,2630,1736,4396],
      [8036,5846,8228,9744,8530,3210,1528,1215,8836,18393,7052,7805,6534,8308,8790,1308,4329,7013,6276,3357,1342,563,5271,5196,5492,388,4119,979,13189,8466,5161,5554,1605,1878,1934,6127,4847,2285,2092,8036,1351,6443,1751,4415,24918,5147,5491,5446,5164,2325,1120,621,5210,1322,897,508,5027,6159,4811,1441,8466,2092,10640,4847,9067,2615,19433,8169,2285,1850,2806,11279,0,4277,289,11290,916,10929,12730,6854],
      [5889,3649,4941,7596,6383,1170,4397,3665,6689,14758,4992,4823,10507,6160,6642,4311,2669,6008,3415,1403,3057,4440,9081,8345,3435,4047,2147,4365,9835,5835,2613,3318,5455,5469,2709,2023,2698,5348,2537,5889,4378,3427,4210,1834,27206,1787,3269,2818,4122,2427,4558,3780,2661,4407,3511,3769,3240,4146,2860,5386,5835,2537,7027,2698,7818,3703,15822,4882,5348,5198,2668,7940,4277,0,4237,9143,4503,9586,9436,3562],
      [8171,5981,8363,9878,8665,3161,1271,1414,8971,18528,7186,7940,6836,8443,8924,1491,4438,7118,6411,3301,1451,305,5243,4939,5627,206,4253,722,13324,8601,5296,5689,1347,1684,2055,6074,4982,2028,2174,8171,1094,6578,1494,4550,24663,5232,5625,5580,5233,2459,863,862,5345,1065,906,517,5162,6293,4945,1413,8601,2174,11078,4982,9135,2800,19568,8304,2028,1593,2875,11413,289,4237,0,11425,659,10997,12865,6988],
      [3320,5842,4174,1547,2760,9857,12059,10329,2454,7888,4319,4316,17256,2982,2608,10976,7135,9344,5781,8894,9945,11676,16509,16047,6042,11228,7330,11830,2607,3467,6609,6084,12718,12963,9491,8170,6778,13026,9403,3320,12013,5718,12233,7559,34943,7387,6225,6406,7004,8966,11970,10669,6560,11981,10518,10908,6296,5332,6611,12647,3467,9403,3471,6778,4193,10242,8856,4182,13026,12701,9206,1664,11290,9143,11425,0,11835,1992,2148,5542],
      [8580,6390,8856,10288,9074,3433,779,2040,9380,18937,7596,8349,6536,8852,9334,2089,4966,7786,6821,3679,2043,424,4830,4447,6037,714,4663,221,13734,9010,5705,6099,1279,1261,2478,6312,5392,1536,2524,8580,602,7070,965,4959,24147,5511,6035,5990,5901,2869,371,1488,5754,573,1316,1118,5572,6703,5355,999,9010,2524,11315,5392,9803,3398,20001,8797,1536,1101,3543,11823,916,4503,659,11835,0,11665,13275,7418],
      [3763,6285,4617,1990,3203,10300,12210,9756,2897,9582,4680,4759,16681,3382,2957,9735,7257,7763,6224,9337,9633,11271,15708,15878,6485,11007,7773,11661,4294,3910,7052,6527,12313,12315,9551,8613,7221,12967,9846,3763,12032,6161,12428,8002,35504,7830,6668,6849,5765,8997,11801,10321,7003,12003,10349,10632,6739,5775,7054,11878,3910,9846,3963,7221,2557,8883,10549,4624,12967,12532,8218,2630,10929,9586,10997,1992,11665,0,3834,5985],
      [4961,7317,4850,3187,4401,10404,13431,11769,4095,5895,5959,5001,18696,4623,4249,12416,8788,11146,6513,9852,11385,13116,17949,17381,7656,12668,8818,13217,520,4604,7569,7536,14158,14403,10931,8542,8278,14409,10843,4961,13385,6368,13455,8517,35316,8103,7568,7352,8658,10406,13410,12109,7578,13414,11958,12348,7950,6859,8265,14087,4604,10843,3510,8278,5846,11682,6862,4735,14409,14141,10646,1736,12730,9436,12865,2148,13275,3834,0,6035],
      [2369,1538,1399,4031,2863,4344,7530,5893,3169,11519,1632,1281,12819,2641,3122,6539,2992,5751,562,3976,5509,7341,12051,11427,1865,6792,2942,7326,6495,2185,1693,1744,8356,8458,5054,2490,2376,8545,4966,2369,7367,372,7407,2640,29277,2133,1774,1475,3044,4529,7554,6232,1661,7396,6082,6471,2295,1295,2428,8211,2185,4966,3767,2376,4298,5805,12583,1340,8545,8187,4770,4396,6854,3562,6988,5542,7418,5985,6035,0]
    ];
  }
}
